366217113160
366247555879
366250794299
366242175919
366226604824
366275750625
366226595491
366217251374
366241830744
366239643370
366239815492
366237264140
366204884230
366256783822
366269158963
366250160932
366236085416
366236083041
366241817700
366204786359
366239705010
366199959428
366263323425
366250162792
366226682374
366242320968
366281943206
366259185674
366252141145
366236114507
366268970119
366242329596
366244240439
366208015737
366282031146
366263713739
366256695686
366247587992
366269014516
366231488449
366256749592
366262050897
366208020915
366257302016
366256685963
366247779655
366242166867
366241827925
366208104827
366239878208
366204865285
366281980815
366252113387
366242161622
366226629817
366265965674
366252107255
366239599576
366239852772
366247771608
366242267749
366272799843
366208093568
366223839780
366241975288
366205877751
366276092112
366256770834
366239890132
366242322097
366204888737
366205849166
366275707135
366275761116
366252109033
366252116892
366199980503
